    12    12     1
4.56502e-010 -6.91625e-016 -8.80755e-012 9.61279e-016 3.05524e-016 2.32196e-015 2.21918e-014 -7.82787e-014 -8.59421e-015 -2.71638e-014 -7.95244e-014 6.79669e-015 
-6.91625e-016 2.87022e-019 7.04929e-016 -1.40832e-019 6.67013e-020 -1.12392e-019 3.69489e-019 2.35142e-018 2.25917e-019 -1.48243e-019 5.22524e-018 -2.8307e-019 
-8.80755e-012 7.04929e-016 6.66025e-011 5.66041e-016 3.8543e-014 2.55093e-016 -1.40165e-015 3.6147e-013 1.50367e-016 1.82903e-015 1.67432e-013 -9.18522e-015 
9.61279e-016 -1.40832e-019 5.66041e-016 3.33982e-019 1.33226e-019 1.13282e-019 -2.49434e-019 3.86721e-018 -2.37376e-019 1.78657e-019 1.71344e-018 -5.59056e-020 
3.05524e-016 6.67013e-020 3.8543e-014 1.33226e-019 6.4096e-017 2.07445e-019 -1.18379e-018 2.04619e-016 2.15694e-018 8.27498e-020 2.93231e-016 3.52327e-017 
2.32196e-015 -1.12392e-019 2.55093e-016 1.13282e-019 2.07445e-019 2.16101e-019 9.61995e-020 7.10396e-019 2.0179e-019 -2.85631e-019 -3.72245e-018 1.52176e-019 
2.21918e-014 3.69489e-019 -1.40165e-015 -2.49434e-019 -1.18379e-018 9.61995e-020 6.72084e-018 -9.62329e-018 2.1244e-018 -4.57702e-018 2.48632e-017 9.95527e-020 
-7.82787e-014 2.35142e-018 3.6147e-013 3.86721e-018 2.04619e-016 7.10396e-019 -9.62329e-018 2.07416e-015 -9.02185e-018 1.59422e-017 9.06672e-016 -5.2195e-017 
-8.59421e-015 2.25917e-019 1.50367e-016 -2.37376e-019 2.15694e-018 2.0179e-019 2.1244e-018 -9.02185e-018 2.16096e-017 -6.33222e-018 1.25181e-017 1.65586e-018 
-2.71638e-014 -1.48243e-019 1.82903e-015 1.78657e-019 8.27498e-020 -2.85631e-019 -4.57702e-018 1.59422e-017 -6.33222e-018 5.43216e-018 -1.63343e-017 -1.05894e-018 
-7.95244e-014 5.22524e-018 1.67432e-013 1.71344e-018 2.93231e-016 -3.72245e-018 2.48632e-017 9.06672e-016 1.25181e-017 -1.63343e-017 1.51396e-014 1.79785e-016 
6.79669e-015 -2.8307e-019 -9.18522e-015 -5.59056e-020 3.52327e-017 1.52176e-019 9.95527e-020 -5.2195e-017 1.65586e-018 -1.05894e-018 1.79785e-016 4.15932e-017 
* row and column names
SS_3
HK_1
VK_3
SWRK
HK_2
HK_3
SS_1
VK_1
SS_2
SY_1
SY_2
VK_2
